0000 0000 10|10 0010 <  0x7FF

110- ----	10-- ----


0000 0010 + 0xc0 = 1100 0010

1010 0010
0011 1111
---------
0010 0010 + 1000 0000 = 1010 0010

------------------------------------

1111 0--- 1110 ---- 110- ---- 10-- ----

0 0001 0000 0011 0100 1000 < 0x10FFFF (0000 1010 1111 1111 1111 1111)

0 0001 0000 0011 0100 1000 >> 18 = 0000 0000 + 0xF0 = 1111 0000 (bit 1)

0 0001 0000 0011 0100 1000 >> 12 = 0001 0000  

0001 0000
0011 1111 &
-----------
0001 0000
1000 0000 +
-----------
1001 0000 (bit 2)

0 0001 0000 0011 01|00 1000 >> 6 = 0000 0100 0000 1101 

0000 0100 0000 1101 
0000 0000 0011 1111 &
---------------------
0000 0000 0000 1101
0000 0000 1000 0000 +
---------------------
0000 0000 1000 1101 (bit3)

0 0001 0000 0011 0100 1000
0 0000 0000 0000 0011 1111 &
-----------------------------
0000 1000
1000 0000 +
-----------
1000 1000 (bit4)

utf-8 = 1111 0000 1001 0000 1000 1101 1000 1000 -> F0 90 8D 88
